{
  "cells": [
    {
      "cell_type": "markdown",
      "source": [
        "# Part 1"
      ],
      "metadata": {
        "id": "gvOUeCufOZAP"
      }
    },
    {
      "cell_type": "code",
      "execution_count": null,
      "metadata": {
        "id": "ml4zK6RrM0x1"
      },
      "outputs": [],
      "source": [
        "# import necessary libraries\n",
        "\n",
        "import warnings\n",
        "# Settings the warnings to be ignored\n",
        "warnings.filterwarnings('ignore')\n",
        "\n",
        "from itertools import chain, combinations\n",
        "\n",
        "import numpy as np\n",
        "import pandas as pd\n",
        "import matplotlib.cm as cm\n",
        "import matplotlib.pyplot as plt\n",
        "\n",
        "from sklearn.preprocessing import LabelEncoder\n",
        "from sklearn.preprocessing import MinMaxScaler\n",
        "\n",
        "from scipy.cluster.hierarchy import dendrogram, linkage\n",
        "from sklearn.cluster import AgglomerativeClustering\n",
        "from sklearn import metrics\n",
        "from sklearn.metrics.pairwise import euclidean_distances"
      ]
    },
    {
      "cell_type": "code",
      "source": [
        "from google.colab import drive\n",
        "drive.mount('/content/drive')"
      ],
      "metadata": {
        "colab": {
          "base_uri": "https://localhost:8080/"
        },
        "id": "z2Y8vbOhPo6X",
        "outputId": "a189089c-f148-48db-d232-61475b96502b"
      },
      "execution_count": null,
      "outputs": [
        {
          "output_type": "stream",
          "name": "stdout",
          "text": [
            "Drive already mounted at /content/drive; to attempt to forcibly remount, call drive.mount(\"/content/drive\", force_remount=True).\n"
          ]
        }
      ]
    },
    {
      "cell_type": "code",
      "execution_count": null,
      "metadata": {
        "colab": {
          "base_uri": "https://localhost:8080/",
          "height": 206
        },
        "id": "vUVOIYR1M0x3",
        "outputId": "b856c78d-cf7d-4d75-cf9b-4573c03480ed"
      },
      "outputs": [
        {
          "output_type": "execute_result",
          "data": {
            "text/plain": [
              "  Symbol        Volume   MarketCap    TotalSupply   ProofType    Network\n",
              "0    LEO  1.823284e+06  3586504072    985,239,504         PoS   Ethereum\n",
              "1    UNI  9.918768e+07  3992451215  1,000,000,000         PoS   Ethereum\n",
              "2   WBTC  1.415410e+08  4237575489        163,106         PoW   Ethereum\n",
              "3   AVAX  2.197065e+08  4901630273    431,804,080         PoS  Avalanche\n",
              "4    DAI  2.177113e+08  5513660644  5,347,888,596  stablecoin   Ethereum"
            ],
            "text/html": [
              "\n",
              "  <div id=\"df-465d5ba1-0925-4e00-acfa-ea94656da2ab\" class=\"colab-df-container\">\n",
              "    <div>\n",
              "<style scoped>\n",
              "    .dataframe tbody tr th:only-of-type {\n",
              "        vertical-align: middle;\n",
              "    }\n",
              "\n",
              "    .dataframe tbody tr th {\n",
              "        vertical-align: top;\n",
              "    }\n",
              "\n",
              "    .dataframe thead th {\n",
              "        text-align: right;\n",
              "    }\n",
              "</style>\n",
              "<table border=\"1\" class=\"dataframe\">\n",
              "  <thead>\n",
              "    <tr style=\"text-align: right;\">\n",
              "      <th></th>\n",
              "      <th>Symbol</th>\n",
              "      <th>Volume</th>\n",
              "      <th>MarketCap</th>\n",
              "      <th>TotalSupply</th>\n",
              "      <th>ProofType</th>\n",
              "      <th>Network</th>\n",
              "    </tr>\n",
              "  </thead>\n",
              "  <tbody>\n",
              "    <tr>\n",
              "      <th>0</th>\n",
              "      <td>LEO</td>\n",
              "      <td>1.823284e+06</td>\n",
              "      <td>3586504072</td>\n",
              "      <td>985,239,504</td>\n",
              "      <td>PoS</td>\n",
              "      <td>Ethereum</td>\n",
              "    </tr>\n",
              "    <tr>\n",
              "      <th>1</th>\n",
              "      <td>UNI</td>\n",
              "      <td>9.918768e+07</td>\n",
              "      <td>3992451215</td>\n",
              "      <td>1,000,000,000</td>\n",
              "      <td>PoS</td>\n",
              "      <td>Ethereum</td>\n",
              "    </tr>\n",
              "    <tr>\n",
              "      <th>2</th>\n",
              "      <td>WBTC</td>\n",
              "      <td>1.415410e+08</td>\n",
              "      <td>4237575489</td>\n",
              "      <td>163,106</td>\n",
              "      <td>PoW</td>\n",
              "      <td>Ethereum</td>\n",
              "    </tr>\n",
              "    <tr>\n",
              "      <th>3</th>\n",
              "      <td>AVAX</td>\n",
              "      <td>2.197065e+08</td>\n",
              "      <td>4901630273</td>\n",
              "      <td>431,804,080</td>\n",
              "      <td>PoS</td>\n",
              "      <td>Avalanche</td>\n",
              "    </tr>\n",
              "    <tr>\n",
              "      <th>4</th>\n",
              "      <td>DAI</td>\n",
              "      <td>2.177113e+08</td>\n",
              "      <td>5513660644</td>\n",
              "      <td>5,347,888,596</td>\n",
              "      <td>stablecoin</td>\n",
              "      <td>Ethereum</td>\n",
              "    </tr>\n",
              "  </tbody>\n",
              "</table>\n",
              "</div>\n",
              "    <div class=\"colab-df-buttons\">\n",
              "\n",
              "  <div class=\"colab-df-container\">\n",
              "    <button class=\"colab-df-convert\" onclick=\"convertToInteractive('df-465d5ba1-0925-4e00-acfa-ea94656da2ab')\"\n",
              "            title=\"Convert this dataframe to an interactive table.\"\n",
              "            style=\"display:none;\">\n",
              "\n",
              "  <svg xmlns=\"http://www.w3.org/2000/svg\" height=\"24px\" viewBox=\"0 -960 960 960\">\n",
              "    <path d=\"M120-120v-720h720v720H120Zm60-500h600v-160H180v160Zm220 220h160v-160H400v160Zm0 220h160v-160H400v160ZM180-400h160v-160H180v160Zm440 0h160v-160H620v160ZM180-180h160v-160H180v160Zm440 0h160v-160H620v160Z\"/>\n",
              "  </svg>\n",
              "    </button>\n",
              "\n",
              "  <style>\n",
              "    .colab-df-container {\n",
              "      display:flex;\n",
              "      gap: 12px;\n",
              "    }\n",
              "\n",
              "    .colab-df-convert {\n",
              "      background-color: #E8F0FE;\n",
              "      border: none;\n",
              "      border-radius: 50%;\n",
              "      cursor: pointer;\n",
              "      display: none;\n",
              "      fill: #1967D2;\n",
              "      height: 32px;\n",
              "      padding: 0 0 0 0;\n",
              "      width: 32px;\n",
              "    }\n",
              "\n",
              "    .colab-df-convert:hover {\n",
              "      background-color: #E2EBFA;\n",
              "      box-shadow: 0px 1px 2px rgba(60, 64, 67, 0.3), 0px 1px 3px 1px rgba(60, 64, 67, 0.15);\n",
              "      fill: #174EA6;\n",
              "    }\n",
              "\n",
              "    .colab-df-buttons div {\n",
              "      margin-bottom: 4px;\n",
              "    }\n",
              "\n",
              "    [theme=dark] .colab-df-convert {\n",
              "      background-color: #3B4455;\n",
              "      fill: #D2E3FC;\n",
              "    }\n",
              "\n",
              "    [theme=dark] .colab-df-convert:hover {\n",
              "      background-color: #434B5C;\n",
              "      box-shadow: 0px 1px 3px 1px rgba(0, 0, 0, 0.15);\n",
              "      filter: drop-shadow(0px 1px 2px rgba(0, 0, 0, 0.3));\n",
              "      fill: #FFFFFF;\n",
              "    }\n",
              "  </style>\n",
              "\n",
              "    <script>\n",
              "      const buttonEl =\n",
              "        document.querySelector('#df-465d5ba1-0925-4e00-acfa-ea94656da2ab button.colab-df-convert');\n",
              "      buttonEl.style.display =\n",
              "        google.colab.kernel.accessAllowed ? 'block' : 'none';\n",
              "\n",
              "      async function convertToInteractive(key) {\n",
              "        const element = document.querySelector('#df-465d5ba1-0925-4e00-acfa-ea94656da2ab');\n",
              "        const dataTable =\n",
              "          await google.colab.kernel.invokeFunction('convertToInteractive',\n",
              "                                                    [key], {});\n",
              "        if (!dataTable) return;\n",
              "\n",
              "        const docLinkHtml = 'Like what you see? Visit the ' +\n",
              "          '<a target=\"_blank\" href=https://colab.research.google.com/notebooks/data_table.ipynb>data table notebook</a>'\n",
              "          + ' to learn more about interactive tables.';\n",
              "        element.innerHTML = '';\n",
              "        dataTable['output_type'] = 'display_data';\n",
              "        await google.colab.output.renderOutput(dataTable, element);\n",
              "        const docLink = document.createElement('div');\n",
              "        docLink.innerHTML = docLinkHtml;\n",
              "        element.appendChild(docLink);\n",
              "      }\n",
              "    </script>\n",
              "  </div>\n",
              "\n",
              "\n",
              "<div id=\"df-930b2d39-2c18-4994-ba3b-24057db90587\">\n",
              "  <button class=\"colab-df-quickchart\" onclick=\"quickchart('df-930b2d39-2c18-4994-ba3b-24057db90587')\"\n",
              "            title=\"Suggest charts.\"\n",
              "            style=\"display:none;\">\n",
              "\n",
              "<svg xmlns=\"http://www.w3.org/2000/svg\" height=\"24px\"viewBox=\"0 0 24 24\"\n",
              "     width=\"24px\">\n",
              "    <g>\n",
              "        <path d=\"M19 3H5c-1.1 0-2 .9-2 2v14c0 1.1.9 2 2 2h14c1.1 0 2-.9 2-2V5c0-1.1-.9-2-2-2zM9 17H7v-7h2v7zm4 0h-2V7h2v10zm4 0h-2v-4h2v4z\"/>\n",
              "    </g>\n",
              "</svg>\n",
              "  </button>\n",
              "\n",
              "<style>\n",
              "  .colab-df-quickchart {\n",
              "      --bg-color: #E8F0FE;\n",
              "      --fill-color: #1967D2;\n",
              "      --hover-bg-color: #E2EBFA;\n",
              "      --hover-fill-color: #174EA6;\n",
              "      --disabled-fill-color: #AAA;\n",
              "      --disabled-bg-color: #DDD;\n",
              "  }\n",
              "\n",
              "  [theme=dark] .colab-df-quickchart {\n",
              "      --bg-color: #3B4455;\n",
              "      --fill-color: #D2E3FC;\n",
              "      --hover-bg-color: #434B5C;\n",
              "      --hover-fill-color: #FFFFFF;\n",
              "      --disabled-bg-color: #3B4455;\n",
              "      --disabled-fill-color: #666;\n",
              "  }\n",
              "\n",
              "  .colab-df-quickchart {\n",
              "    background-color: var(--bg-color);\n",
              "    border: none;\n",
              "    border-radius: 50%;\n",
              "    cursor: pointer;\n",
              "    display: none;\n",
              "    fill: var(--fill-color);\n",
              "    height: 32px;\n",
              "    padding: 0;\n",
              "    width: 32px;\n",
              "  }\n",
              "\n",
              "  .colab-df-quickchart:hover {\n",
              "    background-color: var(--hover-bg-color);\n",
              "    box-shadow: 0 1px 2px rgba(60, 64, 67, 0.3), 0 1px 3px 1px rgba(60, 64, 67, 0.15);\n",
              "    fill: var(--button-hover-fill-color);\n",
              "  }\n",
              "\n",
              "  .colab-df-quickchart-complete:disabled,\n",
              "  .colab-df-quickchart-complete:disabled:hover {\n",
              "    background-color: var(--disabled-bg-color);\n",
              "    fill: var(--disabled-fill-color);\n",
              "    box-shadow: none;\n",
              "  }\n",
              "\n",
              "  .colab-df-spinner {\n",
              "    border: 2px solid var(--fill-color);\n",
              "    border-color: transparent;\n",
              "    border-bottom-color: var(--fill-color);\n",
              "    animation:\n",
              "      spin 1s steps(1) infinite;\n",
              "  }\n",
              "\n",
              "  @keyframes spin {\n",
              "    0% {\n",
              "      border-color: transparent;\n",
              "      border-bottom-color: var(--fill-color);\n",
              "      border-left-color: var(--fill-color);\n",
              "    }\n",
              "    20% {\n",
              "      border-color: transparent;\n",
              "      border-left-color: var(--fill-color);\n",
              "      border-top-color: var(--fill-color);\n",
              "    }\n",
              "    30% {\n",
              "      border-color: transparent;\n",
              "      border-left-color: var(--fill-color);\n",
              "      border-top-color: var(--fill-color);\n",
              "      border-right-color: var(--fill-color);\n",
              "    }\n",
              "    40% {\n",
              "      border-color: transparent;\n",
              "      border-right-color: var(--fill-color);\n",
              "      border-top-color: var(--fill-color);\n",
              "    }\n",
              "    60% {\n",
              "      border-color: transparent;\n",
              "      border-right-color: var(--fill-color);\n",
              "    }\n",
              "    80% {\n",
              "      border-color: transparent;\n",
              "      border-right-color: var(--fill-color);\n",
              "      border-bottom-color: var(--fill-color);\n",
              "    }\n",
              "    90% {\n",
              "      border-color: transparent;\n",
              "      border-bottom-color: var(--fill-color);\n",
              "    }\n",
              "  }\n",
              "</style>\n",
              "\n",
              "  <script>\n",
              "    async function quickchart(key) {\n",
              "      const quickchartButtonEl =\n",
              "        document.querySelector('#' + key + ' button');\n",
              "      quickchartButtonEl.disabled = true;  // To prevent multiple clicks.\n",
              "      quickchartButtonEl.classList.add('colab-df-spinner');\n",
              "      try {\n",
              "        const charts = await google.colab.kernel.invokeFunction(\n",
              "            'suggestCharts', [key], {});\n",
              "      } catch (error) {\n",
              "        console.error('Error during call to suggestCharts:', error);\n",
              "      }\n",
              "      quickchartButtonEl.classList.remove('colab-df-spinner');\n",
              "      quickchartButtonEl.classList.add('colab-df-quickchart-complete');\n",
              "    }\n",
              "    (() => {\n",
              "      let quickchartButtonEl =\n",
              "        document.querySelector('#df-930b2d39-2c18-4994-ba3b-24057db90587 button');\n",
              "      quickchartButtonEl.style.display =\n",
              "        google.colab.kernel.accessAllowed ? 'block' : 'none';\n",
              "    })();\n",
              "  </script>\n",
              "</div>\n",
              "    </div>\n",
              "  </div>\n"
            ]
          },
          "metadata": {},
          "execution_count": 3
        }
      ],
      "source": [
        "# read the dataset and show it's first 5 rows\n",
        "\n",
        "df = pd.read_csv(\"coins_data.csv\")\n",
        "\n",
        "df.head()"
      ]
    },
    {
      "cell_type": "code",
      "execution_count": null,
      "metadata": {
        "colab": {
          "base_uri": "https://localhost:8080/"
        },
        "id": "7yWOlYG5M0x4",
        "outputId": "59aa33ee-6d6a-45df-e3be-8ce0e1da2a14"
      },
      "outputs": [
        {
          "output_type": "execute_result",
          "data": {
            "text/plain": [
              "array([[0.00000000e+00, 0.00000000e+00],\n",
              "       [8.91217588e-04, 2.93729393e-03],\n",
              "       [1.42936416e-03, 4.21501166e-03],\n",
              "       [2.88723205e-03, 6.57311084e-03],\n",
              "       [4.23088538e-03, 6.51292116e-03],\n",
              "       [4.43415944e-03, 7.42650233e-03],\n",
              "       [4.70429070e-03, 1.77834187e-02],\n",
              "       [5.34013845e-03, 8.14777173e-03],\n",
              "       [6.74657405e-03, 6.08597937e-03],\n",
              "       [9.80616399e-03, 1.27151001e-02],\n",
              "       [1.04577777e-02, 1.90684100e-02],\n",
              "       [1.48319012e-02, 1.89855393e-02],\n",
              "       [1.87106159e-02, 1.09502864e-02],\n",
              "       [1.87629889e-02, 1.53331309e-01],\n",
              "       [4.38974280e-02, 4.06484927e-02],\n",
              "       [7.40529425e-02, 1.10532810e-01],\n",
              "       [9.00404101e-02, 2.04833000e-02],\n",
              "       [1.55877305e-01, 1.00000000e+00],\n",
              "       [4.22606052e-01, 2.66741857e-01],\n",
              "       [1.00000000e+00, 6.92833799e-01]])"
            ]
          },
          "metadata": {},
          "execution_count": 4
        }
      ],
      "source": [
        "# select the required features\n",
        "X = df.loc[:, [\"MarketCap\", \"Volume\"]]\n",
        "\n",
        "# scaling the values of the features with MinMaxScaler\n",
        "feature_mtx = MinMaxScaler().fit_transform(X)\n",
        "\n",
        "# show the scaled data\n",
        "feature_mtx"
      ]
    },
    {
      "cell_type": "code",
      "execution_count": null,
      "metadata": {
        "colab": {
          "base_uri": "https://localhost:8080/"
        },
        "id": "facB2QqTM0x4",
        "outputId": "505e5012-24a9-4bd1-88bd-b55931a39577"
      },
      "outputs": [
        {
          "output_type": "execute_result",
          "data": {
            "text/plain": [
              "array([[0.00000000e+00, 3.06952185e-03, 4.45077580e-03, 7.17926841e-03,\n",
              "        7.76650070e-03, 8.64954952e-03, 1.83951171e-02, 9.74183057e-03,\n",
              "        9.08600057e-03, 1.60572296e-02, 2.17478591e-02, 2.40922393e-02,\n",
              "        2.16793893e-02, 1.54475047e-01, 5.98271188e-02, 1.33046385e-01,\n",
              "        9.23408958e-02, 1.01207595e+00, 4.99747030e-01, 1.21656018e+00],\n",
              "       [3.06952185e-03, 0.00000000e+00, 1.38642142e-03, 4.14767867e-03,\n",
              "        4.89269773e-03, 5.71886607e-03, 1.53279793e-02, 6.85142144e-03,\n",
              "        6.64826439e-03, 1.32318465e-02, 1.87545189e-02, 2.12576772e-02,\n",
              "        1.95381423e-02, 1.51452170e-01, 5.71985021e-02, 1.30113155e-01,\n",
              "        9.08594566e-02, 1.00903653e+00, 4.97429642e-01, 1.21415631e+00],\n",
              "       [4.45077580e-03, 1.38642142e-03, 0.00000000e+00, 2.77236551e-03,\n",
              "        3.62338367e-03, 4.39800717e-03, 1.39580376e-02, 5.54623812e-03,\n",
              "        5.63677578e-03, 1.19340806e-02, 1.73820509e-02, 1.99448361e-02,\n",
              "        1.85473877e-02, 1.50120367e-01, 5.59547584e-02, 1.28754256e-01,\n",
              "        9.00920344e-02, 1.00769138e+00, 4.96296431e-01, 1.21298770e+00],\n",
              "       [7.17926841e-03, 4.14767867e-03, 2.77236551e-03, 0.00000000e+00,\n",
              "        1.34500077e-03, 1.76670921e-03, 1.13566150e-02, 2.91484249e-03,\n",
              "        3.88996372e-03, 9.25179179e-03, 1.46097797e-02, 1.72262446e-02,\n",
              "        1.64176473e-02, 1.47614391e-01, 5.33194882e-02, 1.25984830e-01,\n",
              "        8.82562735e-02, 1.00513827e+00, 4.93813390e-01, 1.21044934e+00],\n",
              "       [7.76650070e-03, 4.89269773e-03, 3.62338367e-03, 1.34500077e-03,\n",
              "        0.00000000e+00, 9.35922487e-04, 1.12804356e-02, 1.97564641e-03,\n",
              "        2.55166001e-03, 8.33970954e-03, 1.40147954e-02, 1.63691093e-02,\n",
              "        1.51443985e-02, 1.47535829e-01, 5.23323213e-02, 1.25280713e-01,\n",
              "        8.69393238e-02, 1.00499414e+00, 4.92703642e-01, 1.20937690e+00],\n",
              "       [8.64954952e-03, 5.71886607e-03, 4.39800717e-03, 1.76670921e-03,\n",
              "        9.35922487e-04, 0.00000000e+00, 1.03604386e-02, 1.15802741e-03,\n",
              "        2.67287544e-03, 7.53841490e-03, 1.31079362e-02, 1.55474876e-02,\n",
              "        1.47049061e-02, 1.46606712e-01, 5.15853682e-02, 1.24409347e-01,\n",
              "        8.65962477e-02, 1.00406034e+00, 4.92048966e-01, 1.20869124e+00],\n",
              "       [1.83951171e-02, 1.53279793e-02, 1.39580376e-02, 1.13566150e-02,\n",
              "        1.12804356e-02, 1.03604386e-02, 0.00000000e+00, 9.65660371e-03,\n",
              "        1.18743846e-02, 7.19145080e-03, 5.89523665e-03, 1.01987052e-02,\n",
              "        1.55842499e-02, 1.36275007e-01, 4.53752534e-02, 1.15808830e-01,\n",
              "        8.53788184e-02, 9.93782015e-01, 4.86438266e-01, 1.20262486e+00],\n",
              "       [9.74183057e-03, 6.85142144e-03, 5.54623812e-03, 2.91484249e-03,\n",
              "        1.97564641e-03, 1.15802741e-03, 9.65660371e-03, 0.00000000e+00,\n",
              "        2.49580625e-03, 6.38794745e-03, 1.20602891e-02, 1.44066223e-02,\n",
              "        1.36610306e-02, 1.45802717e-01, 5.04277844e-02, 1.23305091e-01,\n",
              "        8.55938156e-02, 1.00321099e+00, 4.90898914e-01, 1.20753600e+00],\n",
              "       [9.08600057e-03, 6.64826439e-03, 5.63677578e-03, 3.88996372e-03,\n",
              "        2.55166001e-03, 2.67287544e-03, 1.18743846e-02, 2.49580625e-03,\n",
              "        0.00000000e+00, 7.30111856e-03, 1.35024642e-02, 1.52240324e-02,\n",
              "        1.29150990e-02, 1.47734834e-01, 5.07420267e-02, 1.24254930e-01,\n",
              "        8.45289652e-02, 1.00503983e+00, 4.90795876e-01, 1.20754914e+00],\n",
              "       [1.60572296e-02, 1.32318465e-02, 1.19340806e-02, 9.25179179e-03,\n",
              "        8.33970954e-03, 7.53841490e-03, 7.19145080e-03, 6.38794745e-03,\n",
              "        7.30111856e-03, 0.00000000e+00, 6.38663820e-03, 8.03594689e-03,\n",
              "        9.07765564e-03, 1.40901181e-01, 4.40736736e-02, 1.17029710e-01,\n",
              "        8.06094236e-02, 9.98032190e-01, 4.84699227e-01, 1.20126820e+00],\n",
              "       [2.17478591e-02, 1.87545189e-02, 1.73820509e-02, 1.46097797e-02,\n",
              "        1.40147954e-02, 1.31079362e-02, 5.89523665e-03, 1.20602891e-02,\n",
              "        1.35024642e-02, 6.38663820e-03, 0.00000000e+00, 4.37490844e-03,\n",
              "        1.15764101e-02, 1.34519525e-01, 3.97983691e-02, 1.11400545e-01,\n",
              "        7.95952090e-02, 9.91651967e-01, 4.80841280e-01, 1.19714394e+00],\n",
              "       [2.40922393e-02, 2.12576772e-02, 1.99448361e-02, 1.72262446e-02,\n",
              "        1.63691093e-02, 1.55474876e-02, 1.01987052e-02, 1.44066223e-02,\n",
              "        1.52240324e-02, 8.03594689e-03, 4.37490844e-03, 0.00000000e+00,\n",
              "        8.92242779e-03, 1.34403271e-01, 3.62503572e-02, 1.09032264e-01,\n",
              "        7.52234212e-02, 9.91102002e-01, 4.77140389e-01, 1.19357767e+00],\n",
              "       [2.16793893e-02, 1.95381423e-02, 1.85473877e-02, 1.64176473e-02,\n",
              "        1.51443985e-02, 1.47049061e-02, 1.55842499e-02, 1.36610306e-02,\n",
              "        1.29150990e-02, 9.07765564e-03, 1.15764101e-02, 8.92242779e-03,\n",
              "        0.00000000e+00, 1.42381032e-01, 3.89404540e-02, 1.13927399e-01,\n",
              "        7.19640041e-02, 9.98515917e-01, 4.78080381e-01, 1.19494518e+00],\n",
              "       [1.54475047e-01, 1.51452170e-01, 1.50120367e-01, 1.47614391e-01,\n",
              "        1.47535829e-01, 1.46606712e-01, 1.36275007e-01, 1.45802717e-01,\n",
              "        1.47734834e-01, 1.40901181e-01, 1.34519525e-01, 1.34403271e-01,\n",
              "        1.42381032e-01, 0.00000000e+00, 1.15451969e-01, 6.99191707e-02,\n",
              "        1.50761614e-01, 8.57699369e-01, 4.19465341e-01, 1.11977186e+00],\n",
              "       [5.98271188e-02, 5.71985021e-02, 5.59547584e-02, 5.33194882e-02,\n",
              "        5.23323213e-02, 5.15853682e-02, 4.53752534e-02, 5.04277844e-02,\n",
              "        5.07420267e-02, 4.40736736e-02, 3.97983691e-02, 3.62503572e-02,\n",
              "        3.89404540e-02, 1.15451969e-01, 0.00000000e+00, 7.61128957e-02,\n",
              "        5.03568247e-02, 9.65864798e-01, 4.41065110e-01, 1.15735811e+00],\n",
              "       [1.33046385e-01, 1.30113155e-01, 1.28754256e-01, 1.25984830e-01,\n",
              "        1.25280713e-01, 1.24409347e-01, 1.15808830e-01, 1.23305091e-01,\n",
              "        1.24254930e-01, 1.17029710e-01, 1.11400545e-01, 1.09032264e-01,\n",
              "        1.13927399e-01, 6.99191707e-02, 7.61128957e-02, 0.00000000e+00,\n",
              "        9.14577139e-02, 8.93222877e-01, 3.81956197e-01, 1.09382466e+00],\n",
              "       [9.23408958e-02, 9.08594566e-02, 9.00920344e-02, 8.82562735e-02,\n",
              "        8.69393238e-02, 8.65962477e-02, 8.53788184e-02, 8.55938156e-02,\n",
              "        8.45289652e-02, 8.06094236e-02, 7.95952090e-02, 7.52234212e-02,\n",
              "        7.19640041e-02, 1.50761614e-01, 5.03568247e-02, 9.14577139e-02,\n",
              "        0.00000000e+00, 9.81726776e-01, 4.13815397e-01, 1.13140693e+00],\n",
              "       [1.01207595e+00, 1.00903653e+00, 1.00769138e+00, 1.00513827e+00,\n",
              "        1.00499414e+00, 1.00406034e+00, 9.93782015e-01, 1.00321099e+00,\n",
              "        1.00503983e+00, 9.98032190e-01, 9.91651967e-01, 9.91102002e-01,\n",
              "        9.98515917e-01, 8.57699369e-01, 9.65864798e-01, 8.93222877e-01,\n",
              "        9.81726776e-01, 0.00000000e+00, 7.80263884e-01, 8.98272898e-01],\n",
              "       [4.99747030e-01, 4.97429642e-01, 4.96296431e-01, 4.93813390e-01,\n",
              "        4.92703642e-01, 4.92048966e-01, 4.86438266e-01, 4.90898914e-01,\n",
              "        4.90795876e-01, 4.84699227e-01, 4.80841280e-01, 4.77140389e-01,\n",
              "        4.78080381e-01, 4.19465341e-01, 4.41065110e-01, 3.81956197e-01,\n",
              "        4.13815397e-01, 7.80263884e-01, 0.00000000e+00, 7.17591886e-01],\n",
              "       [1.21656018e+00, 1.21415631e+00, 1.21298770e+00, 1.21044934e+00,\n",
              "        1.20937690e+00, 1.20869124e+00, 1.20262486e+00, 1.20753600e+00,\n",
              "        1.20754914e+00, 1.20126820e+00, 1.19714394e+00, 1.19357767e+00,\n",
              "        1.19494518e+00, 1.11977186e+00, 1.15735811e+00, 1.09382466e+00,\n",
              "        1.13140693e+00, 8.98272898e-01, 7.17591886e-01, 0.00000000e+00]])"
            ]
          },
          "metadata": {},
          "execution_count": 5
        }
      ],
      "source": [
        "# calculate the distance matrix\n",
        "dist_matrix = euclidean_distances(feature_mtx,feature_mtx)\n",
        "\n",
        "# show the distance matrix\n",
        "dist_matrix"
      ]
    },
    {
      "cell_type": "code",
      "execution_count": null,
      "metadata": {
        "id": "ttWfOWq5M0x5"
      },
      "outputs": [],
      "source": [
        "# calculate the linkage data using complete distance for plot dendrogram chart\n",
        "linkage_data = linkage(dist_matrix, \"complete\")"
      ]
    },
    {
      "cell_type": "code",
      "execution_count": null,
      "metadata": {
        "colab": {
          "base_uri": "https://localhost:8080/",
          "height": 1000
        },
        "id": "xgN1GPJEM0x5",
        "outputId": "d591ff01-acb8-4713-a9f4-56a86ff948e4"
      },
      "outputs": [
        {
          "output_type": "display_data",
          "data": {
            "text/plain": [
              "<Figure size 1500x1500 with 1 Axes>"
            ],
